15152.9620853081
1942.28266208251
8041.58415841584
24774.6655518395
23681.9252601703
1314.45249597424
37987.5
10150.6578947368
4753.84615384615
5054.01459854015
4615.38461538462
7893.26923076923
19252.2527794032
2471.23115577889
50
2565.44502617801
38000.1143043762
2120
35623.8870792617
4715.48169214362
15597.8862212944
3297.72727272727
3595.46436285097
2453.57142857143
1443.95604395604
6337.94534412955
3317.39130434783
26973.0383211679
1562.40157480315
17557.1659799882
30068.637454982
28957.0910973085
19338.9470622455
882.842287694974
2449.70760233918
4032.03703703704
2309.54356846473
784.375
8525
22857.5406758448
28883.5454974069
525
5900
4370.58823529412
2490.75743913436
1280.19411877763
22350.556206089
4200
1490.90909090909
7319.48529411765
7107.95454545455
10727.9228855721
14116.7623833453
3866.1554192229
20746.5479808945
4553.0612244898
3682.87401574803
1797.78645833333
4943.19909595233
8712.04028021016
963.912630579297
17322.0216606498
12183.4586466165
4555.55826426134
23606.5256688359
10634.7816780822
39200.911251981
20933.7820091924
2886.4847715736
836.946902654867
3387.14285714286
746.055226824458
19669.1961776279
3475.01471453796
1207.95053003534
22341.091954023
31439.3202416918
11313.2258064516
704.314582195522
3922.46212121212
5843.32917705736
22219.7342519685
15304.2637465051
8142.49046408137
20044.8082319925
1580.3738317757
244.047619047619
7768.23394495413
21821.1952191235
937.160385626643
1421.21212121212
2442.27941176471
2693.13432835821
21099.9346689895
3188.35439402642
3480.56745182013
805.46218487395
22309.5637583893
3952.63938944244
28839.477303989
19949.0126382306
18259.7581552306
21051.660600546
2737.65690376569
1564.40677966102
2380.76923076923
25059.6092503987
1463.75
1913.55751673768
16279.7678795483
3556.19489559165
21337.5259515571
829.068396226415
7321.66666666667
17307.3578595318
3462.375
3613.0939524838
1928.57142857143
7149.07587548638
15058.3333333333
4699.50331125828
3123.47638985811
20724.6693121693
21172.775564409
24140.6043046358
4582.66157053509
2989.67391304348
15963.6715510091
30612.9310344828
40990.9803921569
13496.1890243902
2248.14814814815
9126.38888888889
2050.875
3727.02702702703
44873.6486486486
3484.34163701068
4065.21951219512
6865.625
8017.75278293135
39982.7250608273
1254.18436703483
23218.3609958506
7629.17898414405
28240.7640232108
26349.1401006711
3282.18029350105
1725.29644268775
1755.10869565217
3037.5314861461
1440.625
10166.6044776119
4122.00527072353
1254.28571428571
3839.27434754933
7136.4224137931
37229.7176820208
19009.5804988662
21412.4371859296
746.875
1954.31034482759
20092.9008152174
20537.3368146214
17009.1397849462
6210.18518518519
16949.77827051
20035.9597447226
20637.0850622407
37978.0166435506
2549.37088076693
3115.04739336493
2294.59459459459
2101.92860565405
12952.2916666667
20797.7408637874
36013.8625592417
5741.07142857143
4282.69230769231
8043.42194955692
30469.5726495726
2587.64135702746
820.489296636086
2766.66666666667
1852.5974025974
35387.641509434
20215.1397515528
2759.86842105263
19280.5597014925
597.278664731495
2047.03389830508
32028.7390029326
6187.42236024845
7138.86554621849
3500
20586.0123119015
1639.62703962704
40520.6338028169
1221.83967112025
7255.69620253165
9018.70100783875
1627.39043824701
20650.6067961165
2197.52066115702
22101.9694533762
1507.9568788501
2750.94339622642
5275.44224765869
3197.0631118517
15636.9205298013
5340.93511450382
16302.8183716075
7040.62173458725
15663.198757764
36005
400
7356.95266272189
3940.94674556213
2330
9566.60583941606
8359.21052631579
3003.5625
2360.86956521739
8111.13592852585
20412.2872340426
2284.74576271186
2460.01370399374
6821.04166666667
2064.26949280848
9083.80434782609
31355.9369724254
4179.50346420323
24043.5593220339
3513.49206349206
28529.5891608392
2093.06106264869
4013.49840255591
1848.90029325513
23263.6363636364
3942.34234234234
12807.5072886297
12770.7453416149
9925
14472.6351351351
14972.9838709677
3273.07692307692
4361.71584913035
29763.0538662033
17823.5835694051
36888.0434782609
1016.11111111111
21025.5410566518
4687.5
18077.375
20275.4591836735
13090.1384083045
28417.1800947867
21511.936713055
3371.41482194418
10242.1052631579
24015.9857328145
8323.84615384615
1390
21637.3552123552
1616.64816870144
3370.96774193548
8950
3911.36363636364
30536.5619136961
2936.78756476684
5123.12328767123
34355.2083333333
3490.47619047619
19647
1409.63855421687
10079.2567567568
13499.6737841044
13069.9427480916
2634.21052631579
2017.66169154229
1085.94594594595
24646.8537414966
1094.11764705882
21670.8480176211
18669.1379310345
3432.43243243243
20478.6466774716
4538.98454446855
27285.5020796197
41.4634146341463
938.55421686747
2871.36752136752
1000
16046.4285714286
1173.06201550388
25620.2676864245
2430.92084006462
9597.12775735294
20216.049382716
18875.0246548323
32711.5313653137
24525.2599243856
18604.5238095238
1972.16981132075
20190.0184842884
2295.87475149105
8119.78021978022
14605.4621848739
34003.125
8929.58937198068
2114.63414634146
21713.1578947368
1107.3275862069
1803.7037037037
19257.5513851653
400
725.714285714286
11561.003236246
1046.60550458716
10494.7368421053
2008.33333333333
3525
26608.1608654751
18981.4263322884
35999.72
7323.42532467533
4280
19341.5829145729
2218.730442557
1432.70547945205
17132.2592237662
2766.31944444444
27176.1089275688
28182.5
20396.0526315789
5040.41859064445
33000
8961.11111111111
5700.0566893424
21416.9527896996
1903.56083086053
4075
23721.5051628276
12865.9574468085
28795.7323429763
21705.5337904016
7808.05785123967
19225.3642384106
33528.6847672779
23925.6578947368
441.071428571429
1100
22773.2578397213
12012.4569262578
1717.35419630156
1505.55555555556
26386.8845500849
8042.49056603774
24914.536963434
6372.60774287801
3346.82274247492
2546.55172413793
27451.0385005066
7038.63028953229
39896.1419753086
1334.93150684932
2470.08196721311
24343.857331572
21598.8636363636
3583.59905020353
18434.9834983498
26470.5555555556
2647.24409448819
28552.6013513513
25021.9387755102
27221.5
2530.15873015873
2309.9710982659
19044.4736842105
29374.2790194665
2500
17909.3392857143
38000
7114.24050632911
28226.5625
8159.0243902439
7736.07843137255
27729.3778062861
23526.8930957684
22825.6592292089
11112.6336898396
938.157894736842
7766.39604329974
25607.3116987179
1752.30460921844
4004.81927710843
2052.03996669442
690.47619047619
2084.34579439252
21312.3675631622
6027.74086378738
7947.67216294859
29885.6821895425
32797.1294891249
35865.3483309144
25268.5768261965
625.223214285714
2025.74404761905
5573.15914489311
3679.78723404255
26093.3613445378
3554.51761102603
1537.33022894839
24743.6965811966
19038.7323943662
13571.7213114754
6189.03614457831
767.785234899329
18917.6151761518
1027.27935813275
3930.05438259757
5652.07972270364
6547.17948717949
27439.9263721553
2895.21711768408
24275.1491646778
15541.0081743869
5321.80290297937
4286.90909090909
19771.7
26324.2227979275
26221.6302952503
14788.5416666667
20146.8267581475
14113.5334645669
915.134099616858
4700.98039215686
19285.7942973523
660
18504.9342105263
4109.97807017544
23434.1235632184
3119.44444444444
25276.4199655766
3381.08108108108
1731.4126394052
2392.95120061967
9384.79623824451
18652.3039215686
2223.07692307692
1809.42028985507
10200.6053268765
22003.3923796791
15677.7665995976
5465.01692047377
900
2811.66211790393
36528.8941335131
10981.1781609195
3084
2853.82427307206
20212.625
3910.9127832407
24312.5681818182
1956.20229007634
1974.67453213995
21872.6466049383
24409.756097561
3032.52032520325
15099.0860849057
2372.72727272727
413.522400328812
29907.2252580449
1885.52452316076
18178.8028169014
5948.51875532822
21869.3319838057
3992.17877094972
25527.793904209
21465.0487804878
8400
2721.27192982456
6082.53424657534
2000
29583.6236933798
12453.7904599659
4374.1935483871
1032.50225631769
26869.4764397906
40000
1305.20833333333
3497.92457605669
573.612642410878
1749.48453608247
3961.52777777778
3040.30974091764
2533.33333333333
18860.1778656126
31558.938547486
980.259099321407
16622.4350433045
4694.87179487179
2467.37967914439
3984.64818763326
7331.74157303371
15255.9722222222
15005.6748466258
2543.6170212766
3495.90766002099
12294.8191933241
20579.9833887043
2420
31757.5645756458
21971.2504329754
2233.91003460208
915.191740412979
9105.55555555555
23009.637964775
4122.8855721393
2565.81395348837
5500
12626.6666666667
9028.11085972851
3584.7533632287
1170.39106145251
6361.94362017804
19125.4263565891
2953.0612244898
11804.2553191489
13152.8711484594
1949.63788300836
9037.44075829384
26352.8846153846
2658.75796178344
24409.0298142718
30510.6367924528
16721.3424124514
5322.8277060576
1698.88475836431
17969.701986755
16800.6720430108
2400
8423.28244274809
21210.9317343173
4628.82205513784
1420.84006462036
2774.07407407407
17271.4439655172
594.53207150368
7684.04522613065
16779.1044776119
10563.5935397039
5750.11135857461
1267.265625
5380.09153318078
10282.1241258741
8928.06513409962
1672.21261204592
5359.02877697842
16595.2492211838
2133.95710378581
26768.4668989547
7047.05882352941
22945.8053691275
3254.08163265306
26116.733601071
6362.13080168776
17928.9534883721
4079.08629441624
5167.67699115044
3473.76203576341
3285.9872611465
3692.29024943311
1460
12704.8913043478
38937.5
29577.2380952381
11149.4971264368
5080.30575539568
2893.9523381295
15050.5575785162
2615.86538461538
2476
12640.1485148515
4304.41176470588
4793.75
5630.56506849315
16197.9545454545
2660.55555555556
13689.7590361446
35719.7066911091
20478.5532994924
25044.2794279428
20448.6013986014
3590.79623287671
1257.11415175581
24130.1319043693
19908.75
25195.7182320442
6805.67375886525
2335.44303797468
9822.69372693727
12734.7846012832
9287.76758409786
2616.66666666667
22843.9189189189
7311.88436830835
1000
6733.03571428571
20679.4751009421
1100
29732.1489001692
3451.84501845018
3631.66666666667
17498.731884058
21635.6557377049
14875.6355932203
7661.29032258064
4215.03496503497
3712.12121212121
1063.35227272727
21845.4225352113
34996.5533980583
20143.3732057416
21000.6557035803
2243.46590909091
3968.1712962963
7041.81818181818
7826.38888888889
4856.62100456621
1129.91452991453
486.393088552916
11765.1785714286
20028.4203102962
4060.80674988442
3408.33333333333
976.434034416826
2858.33333333333
18915.1649746193
25901.4227642276
19837.0182555781
3046.73913043478
12382.2222222222
3739.56953642384
3871.3768115942
2450
11301.0237659963
4470.93111279334
20095.4410796577
2173.15689981096
29552.2281639929
23060.9345794393
2813.68842690678
2255.71428571429
26551.4285714286
1068.359375
711.392405063291
22149.1789109767
15506.2182741117
5774.25061425061
2873.35526315789
22681.44
26175.845012366
9431.2962962963
21202.2267964072
19309.1312618897
388
12287.721691678
803.779628443306
1389.39393939394
4152.34375
25630.9027777778
6753.58333333333
21121.6056034483
13279.4566681634
2221.84481648422
3941.66666666667
9022.84725227174
3956.52173913043
14987.9777524244
27432.8076525336
3204.14507772021
1475
7114.60446247464
2238.88888888889
30344.3069306931
9818.35205992509
2992.86442405708
14003.3582089552
35000
19954.4270833333
22547.8384357809
4546.37096774194
4400
21520.6445993031
10102.6595744681
11054.1366906475
23968.6126373626
3088.49206349206
6368.06896551724
5215.38461538462
18973.9906103286
22010.5083459788
420.328947368421
21120.9319526627
35547.4289099526
14077.0419426049
30916.5071770335
7881.07714701601
1294.27866362946
28746.7020470053
21651.4213309828
3030.20030816641
3470.88607594937
11393.4848484848
9455.09259259259
3549.02234636872
13510.6026785714
16068.1131412509
6302.10843373494
21171.8654434251
4529.19463087248
5225.18115942029
25133.0675074184
5975.33333333333
1310.61529271207
29673.8103693182
5345.89552238806
2768.0787191461
28934.078099839
21356.6606660666
20192.9919137466
11999.3243243243
13625
69.7674418604651
29757.7083333333
26810.6281547953
36023.9795918367
2400
2311.40350877193
20155.6417489422
35794.8910788382
21922.4233983287
695.833333333333
940.625
17061.937716263
2087.37158790725
1953.4110915493
16520.1275045537
3759.39393939394
26147.109375
14584.0015519917
19139.6907216495
5907.94251134644
2800.86845102506
3204.1771620487
2450.90909090909
514.760746147608
9955.76923076923
2251.41129032258
2650.56542810985
3980.4347826087
1092.73723478666
18677.7178796047
4241.98113207547
3061.41649048626
4361.94690265487
1854.16666666667
19654
23135.5365044248
28277.7570093458
21753.1954887218
4223.72674595913
2889.63414634146
3356.03248259861
18021.8634686347
33987.5
19146.7211760819
1997.63157894737
986.486486486486
1744.24778761062
11907.7731092437
6166.19718309859
28359.3975903614
6645.98930481283
28280.7190265487
3562.94964028777
3197.00743988309
7104.53629032258
3475
15273.2321291314
19489.0041493776
21899.9804839969
20045.9929078014
2801.81818181818
20361.1940298507
21540.9562638992
11653.9453717754
18631.1015831135
12675.9572072072
6167.43471582181
1110.40530007794
23151.0803142732
1602.58481421648
13541.5909090909
3042.36559139785
6320.26184538653
4190.14084507042
5843.75
2724.05303030303
20420.8277703605
37740.4919236417
22779.267869535
13688.6887608069
2489.16666666667
1425
2143.85964912281
37000
6128.19733796296
16430.1703163017
3495.90517241379
21112.6603543067
20496.1077844311
4766.66666666667
837.735849056604
2100
35000
19981.976744186
6279.12621359223
11581.981981982
4242.1974522293
3247.82608695652
2836.09888687549
11684.4322344322
5988.04945054945
3284.60451977401
1272.41992882562
2725.66254416961
11214.5833333333
12571.0700757576
5121.85430463576
1107.72200772201
22831.8125
3619.60985626283
1573.86363636364
16966.5254237288
4674.0350877193
23688.2242287434
40989.2338709677
7220.63492063492
21994.4189602446
37987.5
617.137040157259
2781.25
38001.5163934426
14988.0962897526
8039.28571428571
31733.4828293183
36125.1973684211
3457.41714886902
22819.7817189632
26358.1775700935
14268.8596491228
2051.8045112782
14341.0914179104
22864.0724269377
2209.74942396313
1090.85457271364
3774.35897435897
38001.6294227188
26151.4722222222
13996.1025280899
13954.5918367347
18196.9308035714
21388.8748419722
10234.4681571816
4101.34408602151
18437.68
12023.5585585586
4356.39120095125
4536.78451178451
5079.85865724382
1267.69230769231
2473.68827160494
4443.93844221106
3931.18279569892
6339.20454545455
35510.6132075472
2075.40272614622
616.25
19797.7272727273
5786.58536585366
979.295023696683
5258.16666666667
37997.2222222222
3151.29901960784
2178.9800137836
25733.9598997494
1613.33333333333
2269.29133858268
10377.9239766082
3969.23076923077
30454.5539033457
14074.4791666667
1416.81753215817
2599.42771084337
26194.2969870875
3372.91666666667
1423.3949945593
1856.66666666667
9374.92331288343
25399.9322493225
4608.20895522388
11931.2015503876
36999.8344370861
6717.21698113208
3881.59282700422
2593.11475409836
7477.77777777778
1894.81073943662
15722.1354166667
23498.0075901328
6235.42713567839
23936.4709443099
1607.96783625731
19745.8571428571
4379.41176470588
2389.50511945393
14075.6211180124
24908.9130434783
3728.74692874693
20761.1876988335
3990.625
15091.6666666667
1353.59019264448
6325.48076923077
12689.4387001477
2521.31782945736
2344.53125
2790
4991.40154772141
4213.77952755906
35337.7049180328
7866.00566572238
21909.2632027257
8846.22641509434
8840.65215879858
953.846153846154
21627.986878453
29443.6704384724
18515.2834008097
3160.34521916875
23344.1904047976
22698.6467236467
11098.0496453901
24337.1929298981
2186.0303030303
1600
10227.3678414097
1744.360333081
2388.512763596
3558.68372943327
3602.60416666667
2941.66666666667
3232.85359801489
25822.5774424146
2713.0781938326
1544.1975308642
3456.37178487919
29451.7803030303
1186.79245283019
22498.1524249423
3379.34782608696
25000
1057.14285714286
22503.0510585305
552.658227848101
3982.45614035088
1065.10791366906
18683.5808957952
5284.77801268499
1700.37053182214
2075.85872009814
15387.5816993464
16827.9885654886
8599.41176470588
33335.3953646898
1766.71532846715
12586.0887096774
5601.75438596491
3083.55263157895
4597.11111111111
1223.52941176471
27511.4140926641
3268.96551724138
7859.18367346939
10565.5629139073
25664.5324494068
1548.64864864865
17731.9410815174
25999.7983870968
4981.96517412935
0
1528.12992125984
19298.4093637455
19894.4162436548
3352.21345229925
6188.15789473684
3906.34816753927
8441.11261872456
3985.51847437426
7421.73144876325
25633.0756013746
2234.48275862069
15058.4682254197
14478.5714285714
28219.6614583333
8462.5
3143.11224489796
8234.28908091123
22681.7477876106
13775.9615384615
1967.81437125748
1969.64285714286
19842.4050632911
3190.6454248366
18706.2290268456
1208.33333333333
5224.85714285714
3390.60913705584
4557.94223826715
5362.66233766234
8224.21875
3587.12871287129
37489.0432098765
31819.6724709784
16861.8307086614
963.5
23371.4744766801
27088.3100381194
20679.8304213772
13274.1953385128
6437.5
4976.88888888889
9894.21206225681
2653.62903225806
19995.5702647658
19522.5895904437
2584.76621417798
12650.988700565
2570.15306122449
16431.8493150685
22254.9693016117
3449.90476190476
2293.26923076923
23152.5559883155
9749.48481561822
1395.64676616915
2030.72463768116
8304.52686915888
11670.7112970711
21178.4053156146
3388.7619047619
3701.4157014157
25648.7796036733
5711.75496688742
5432.69493844049
4758.8679245283
23255.1388388027
2605.81583198708
1148.89443651926
17187.5
21652.6704545455
15392.2580645161
6979.88782051282
310
3465.56993606736
17678.2065217391
35545.5791335102
3000
11371.1021505376
23042.4570243035
3395.80860534125
3226.47058823529
1123.54413102821
16760.4099862574
871.281683405069
14615.762925599
884.666666666667
909.090909090909
28485.8061749571
28339.6076794658
2336.875
5182.29166666667
27671.7459080281
26275.25
5825.7053291536
1544.11764705882
1560.76769690927
7013.7573964497
11189.1304347826
4517.24137931035
24423.8980716253
2860.02994011976
1483.4789311408
6550
27910.1700680272
3196.8992248062
7220.015625
667.751937984496
3161.31346578366
36002.7777777778
3575.58823529412
1709.43396226415
1946.79863147605
16729.9735527476
26786.2481315396
10242.5561797753
24066.7127071823
653.5
10515.5523255814
5752.41935483871
30029.7169811321
3058.14670357323
8931.12623762376
3566.85408667032
4476.19047619048
20890.6401944895
23928.9855072464
3868.2261208577
11653.1544811321
14600.9803921569
8019.71879286694
7533.35694050992
2054.56852791878
41000
700
8150
1400
22011.4510489511
23482.2796934866
2116.07142857143
2754.32692307692
2345.10558069382
3822.16282894737
1629.38596491228
13791.1931818182
9022.84768211921
24341.6290868095
3432.25806451613
3179.78489903424
3626.28398791541
3236.39240506329
13969.6341463415
1559.11214953271
21161.5208333333
14175.7587253414
24889.6396396396
27918.4561810795
29067.1607753706
34616.8252595156
35529.1803278689
6170
23053.5107772698
15673.9130434783
2299.4
4054.94868035191
5500
18739.6245059289
6506.84210526316
8945.08797653959
6093.42915811088
26664.9535265172
4618.99210461387
25543.1561085973
4717.90894439968
5136.70478337897
21110.1963746224
9807.34649122807
5418.46405228758
17900.5165289256
23035.5594405594
16997.7380952381
22199.1171171171
30715.369261477
2619.80198019802
24051.2187871581
5968.41085271318
21645.3333333333
9211.53846153846
8683.98991112179
3645.52715654952
1467.5
24577.761627907
24108.5262345679
19051.015625
2291.01123595506
6492.73127753304
12429.7210300429
2743.79895561358
1189.86206896552
2004.70588235294
17688.7267834529
1753.125
17829.8525798526
8608.65384615385
6467.82155797101
21520.6032719836
21761.91767709
3601.91570881226
18329.9232158988
15883.6330935252
34964.7461928934
24785.4541734861
23874.4397759104
576.147151898734
21714.5833333333
6304.31472081218
1567.90220820189
3249.63282937365
22251.9527483124
5919.86525112291
38000
2372.13656387665
40989.0070921986
3378.53477765108
3755.76923076923
2240.90909090909
2961.06129398411
8747.22589167768
2737.82762096774
4626.90476190476
1567.98418972332
26252.1428571429
2217.58547008547
18815.1090342679
3392.81954887218
15490.2759084791
3440.60574948665
19036.8556701031
16114.1515151515
27945.6255666364
20482.0531757755
507.456140350877
971.302250803859
13926.6542288557
24934.6653346653
22077.9972752044
12694.9438202247
6887.82608695652
10961.1111111111
21270.778971604
37925
26331.1489361702
3821.98581560284
1400
10750.6708193579
25237.1328437917
20588.7553648069
1706.49931944299
13471.2383488682
6568.29470198676
17249.674880219
23834.7486144101
3482.8045325779
2993.03278688525
28587.9383886256
20853.8369304556
2272.35523385301
1972.61904761905
7446.29888268156
1978.14685314685
40000
7811.5671641791
1635.59523809524
4462.72128915116
4175.91240875912
6708.33333333333
6174.44444444444
3256.94444444444
1874.22222222222
2944.60719041278
29551.3461538462
2059.20358228051
1397.22222222222
1927.07581227437
2897.59812536614
5743.13063063063
3664.86486486487
3082.65625
3972.10169491525
4202.78094153379
3116.89189189189
4517.07818930041
3533.59580052493
2711.11111111111
2542.80532043531
15489.7556390977
17062.7604166667
11020.9677419355
21777.7684563758
8489.0625
13790.2631578947
7349.80620155039
21462.7577319588
11784.8639455782
19656.7869415808
5272.71186440678
1488.63636363636
720.481927710843
3098.83720930233
3673.32713754647
22752.9442508711
2757.62584522915
21118.1981981982
19753.2910812462
11412.5654450262
2581.87017443523
3250
38868.1350954479
9307.9128440367
37975
33252.4935511608
27766.5983606557
14071.0157618214
890.829439252336
2861.74812030075
18572.5323149236
25179.5487106017
17801.0530421217
40669.4779116466
1750
2567.67676767677
20270.4003407155
13171.712962963
601.666666666667
21586.2840466926
-100
21681.7211055276
4213.37579617834
6192.74363392686
7100
10416.3194444444
3693.22916666667
33215.0537634409
16727.1344455348
5635
1289.8516163222
5825.15991471215
1541.00917431193
343.796992481203
38461.1776447106
1488.72956696301
3210.58282208589
22052.1939953811
22973.7882653061
1001.03359173127
6133.33333333333
9827.77777777778
20933.4437086093
1809.375
4536.64163090129
7483.33333333333
1365.21739130435
7727.11575875486
3403.6036036036
-55.6756756756757
40989.7011308562
14253.488372093
4289.7520661157
10492.5531914894
9927.44807121662
22492.1287128713
21791.1232746311
6064.67065868263
3306.74364123159
35604.0951638066
4170
3865.93137254902
1958.33333333333
23238.6330674402
16500
817.47311827957
1300
6779.88668555241
22609.5211581292
12175.9677419355
17957.6576576577
4401.13122171946
7423.73699851412
5317.39130434783
781.989247311828
2531.31134668237
600.263157894737
7711.2922705314
45006.1562925943
1983.53658536585
7668.20469798658
5956.72514619883
9974.62121212121
15464.3186003683
8505.69620253165
23885
3617.58241758242
29505.534351145
28484.6586178185
16625.4423328965
13293.0031446541
20656.714527027
5555.32319391635
2261.48123097734
23561.3153594771
14338.5644768856
37003.8372093023
2252.94366197183
16486.652892562
3062.5185368265
34181.4910765688
3790.61181434599
14407.5396825397
17679.2772861357
28533.5312075984
27775.1148545176
2600
3350
1834.09854423292
14612.4429223744
8824.54466608846
16737.92
18739.88
2600
3341.93537597003
9958.22784810127
8681.79930795848
5270.37037037037
1560
10372.9559748428
1258.59872611465
1008.19536423841
10042.6049618321
1881.27948113208
21953.5306334372
1426.90187431092
25975.46875
25433.2395498392
13572.6545253863
27130.8333333333
14975.7127583749
4589.09090909091
4548.82352941176
15573.6082474227
16150.8767772512
6376.63551401869
22836.9109947644
6311.76470588235
19364.9356223176
1723.51121423047
24558.9743589744
1607.84047748237
6417.58620689655
22099.3470149254
8944.51901565995
892.491749174917
33000
5666.45408163265
30476.8493611298
26457.29319628
600
23162.5
9394.77401129943
2840.8
9764.26056338028
1501.57367668097
13455.2554744526
2017.4672489083
931.343283582089
1078.58081471748
25193.5560344828
3480
4018.70825381679
24274.3295019157
2469.62025316456
5657.14285714286
21485.6132075472
3713.04347826087
5385.92592592593
14892.2554347826
26161.0218140069
3659.09090909091
7709.68309859155
12631.7978533095
7237.44343891403
4499.48320413437
1408.94736842105
2672.15447154472
26328.9713937918
21483.3333333333
26043.4895833333
3945.28301886792
10681.7524115756
3272.55994187455
16912.7049180328
3965.19607843137
7226.1427425822
15951.4312977099
26238.301693176
2283.08457711443
20749.3243243243
3678.40909090909
2484.23605497171
32221.6666666667
616.049382716049
26425
19813.4810126582
844.33669511249
22706.9372294372
693.818681318681
2386.12099644128
919.444444444444
2521.32396016403
3695.38784067086
16653.1319910515
3706.09504132231
3260.42868920033
1667.60606060606
17834.5259391771
11611.5131578947
1291.5
18129.2483660131
5681.23268698061
8522.91666666667
13002.8630460449
5215.41666666667
3617.53731343284
2578.48932676519
23263.9575098814
17077.806122449
32157.1728691477
1955.71428571429
6328.27102803738
2568.6589871767
6319.64285714286
5696.41255605381
3122.72727272727
1313.92405063291
24081.9200351494
3915.47619047619
1468.96551724138
12331.4123376623
20972.9452054795
9976.4598540146
2381.73611111111
2756.33608815427
1123.65499573015
20497.9542302358
4716.66666666667
1796.71509791535
20973.5882352941
1469.96996996997
100
19359.4091710758
13825.6694367498
7138.06967572305
24834.8511080332
22044.8869752422
1879.16666666667
10343.5333333333
8406.25
36525
26526.5845070423
20961.1971104231
24492.0841612262
3575.27066929134
20002.169197397
25000
2047.28260869565
4823.61111111111
4026.92307692308
1534.77508650519
21785.8269858542
21063.3663366337
4439.28
20566.9675090253
1976.59574468085
25411.5238424326
2413.97849462366
29564.845516202
17371.7665130568
5715.625
3017.70491803279
8046.88943894389
4097.76595744681
829.6875
3373.99103139013
22109.0625
10206.2
18161.3159122725
23277.6315789474
16460.8662613982
758.108108108108
27376.3994169096
8346.83544303797
1655.72755417957
30723.9742804654
12470.2380952381
1951.4133095927
29127.095459837
31551.0991058122
3695.60301507538
8166.66666666667
2882.40740740741
804.326149887424
3685.41567695962
20844.8265550239
2269.80198019802
7430.68181818182
3510.53652230123
22723.1078524125
3960
2507.97101449275
3813.5101010101
14826.3671875
4109.09090909091
33257.9872204473
34502.448657188
40526.0317460317
5800
1854.83870967742
3198.8416988417
4981.96450060168
15166.7834394904
2540.41095890411
5773.33860759494
22672.3384030418
1130
13108.1423113658
33255.5261011419
4666.58354114713
27036.820083682
3964.11149825784
1136.20689655172
4900.73761854584
24264.593495935
11864.1536964981
2093.26923076923
4063.63636363636
2545.74468085106
2775
15463.3086876155
2399.12663755459
3537.80068728522
604.872047244094
9278.80434782609
