00:00	5	0	2	2	0	0	0
00:01	6	0	1	2	0	0	0
00:02	5	0	1	2	0	0	0
00:03	7	0	1	1	0	0	0
00:04	6	1	1	1	0	0	0
00:05	6	1	0	2	0	0	0
00:06	7	1	0	2	0	0	0
00:07	5	1	0	2	0	0	0
00:08	3	1	0	2	0	0	0
00:09	3	1	0	2	0	0	0
00:10	2	1	1	2	0	0	0
00:11	4	0	1	2	0	0	0
00:12	4	0	1	2	0	0	0
00:13	5	0	2	2	0	0	0
00:14	6	0	1	2	0	0	0
00:15	4	0	1	2	0	0	0
00:16	5	1	1	2	0	0	0
00:17	5	1	0	3	0	0	0
00:18	6	1	0	2	0	0	0
00:19	5	1	0	2	0	0	0
00:20	6	2	0	2	0	0	0
00:21	9	2	0	2	0	0	0
00:22	9	2	0	3	0	0	0
00:23	9	1	2	3	0	0	0
00:24	7	2	2	2	0	0	0
00:25	7	2	2	1	0	0	0
00:26	7	1	1	2	0	0	0
00:27	6	3	1	2	0	0	0
00:28	7	2	1	2	0	0	0
00:29	9	1	1	3	0	0	0
00:30	10	1	1	3	0	0	0
00:31	6	2	2	2	0	0	0
00:32	5	2	1	3	0	0	0
00:33	6	2	2	2	0	0	0
00:34	4	3	1	2	0	0	0
00:35	2	2	2	1	0	0	0
00:36	4	2	1	0	0	0	0
00:37	3	1	2	1	0	0	0
00:38	3	1	2	0	0	0	0
00:39	5	1	1	0	0	0	0
00:40	5	1	1	0	0	0	0
00:41	5	1	2	0	0	0	0
00:42	3	1	1	1	0	0	0
00:43	4	1	1	1	0	0	0
00:44	3	1	3	1	0	0	0
00:45	3	1	2	2	0	0	0
00:46	3	1	2	1	0	0	0
00:47	5	2	2	0	0	0	0
00:48	4	2	1	1	0	0	0
00:49	2	3	1	3	0	0	0
00:50	4	2	1	3	0	0	0
00:51	4	2	1	1	0	0	0
00:52	5	1	1	2	0	0	0
00:53	5	1	0	1	0	0	0
00:54	4	0	1	1	0	0	0
00:55	3	1	2	0	0	0	0
00:56	3	1	2	0	0	0	0
00:57	3	1	1	0	0	0	0
00:58	5	1	1	0	0	0	0
00:59	5	1	0	1	0	0	0
01:00	6	0	1	1	0	0	0
01:01	5	1	1	1	0	0	0
01:02	4	1	1	2	0	0	0
01:03	3	1	1	1	0	0	0
01:04	3	1	1	3	0	0	0
01:05	3	1	1	2	0	0	0
01:06	4	1	1	3	0	0	0
01:07	5	1	1	3	0	0	0
01:08	5	0	1	3	0	0	0
01:09	8	0	1	3	0	0	0
01:10	7	0	1	3	0	0	0
01:11	6	0	0	4	0	0	0
01:12	5	1	0	3	0	0	0
01:13	5	1	0	2	0	0	0
01:14	5	1	0	3	0	0	0
01:15	5	1	0	3	0	0	0
01:16	4	0	1	3	0	0	0
01:17	3	0	1	3	0	0	0
01:18	4	0	2	1	0	0	0
01:19	5	0	2	1	0	0	0
01:20	5	0	2	1	0	0	0
01:21	4	0	2	1	0	0	0
01:22	4	1	0	2	0	0	0
01:23	4	1	0	2	0	0	0
01:24	6	1	0	1	0	0	0
01:25	5	1	0	1	0	0	0
01:26	4	2	0	1	0	0	0
01:27	3	2	0	1	0	0	0
01:28	3	2	0	1	0	0	0
01:29	2	1	1	1	0	0	0
01:30	3	1	1	1	0	0	0
01:31	3	1	1	1	0	0	0
01:32	4	0	1	1	0	0	0
01:33	2	0	0	1	0	0	0
01:34	3	0	0	2	0	0	0
01:35	5	0	0	2	0	0	0
01:36	5	0	0	1	0	0	0
01:37	4	0	0	0	0	0	0
01:38	3	0	0	1	0	0	0
01:39	5	0	0	1	0	0	0
01:40	7	0	0	1	0	0	0
01:41	7	0	0	0	0	0	0
01:42	5	1	0	0	0	0	0
01:43	5	1	0	0	0	0	0
01:44	3	2	0	0	0	0	0
01:45	3	2	0	1	0	0	0
01:46	4	2	0	1	0	0	0
01:47	4	1	1	1	0	0	0
01:48	5	1	1	1	0	0	0
01:49	6	1	1	1	0	0	0
01:50	4	1	2	1	0	0	0
01:51	4	0	1	2	0	0	0
01:52	3	0	1	2	0	0	0
01:53	4	1	1	2	0	0	0
01:54	3	0	2	2	0	0	0
01:55	3	0	2	2	0	0	0
01:56	5	0	2	2	0	0	0
01:57	5	0	1	2	0	0	0
01:58	5	0	1	2	0	0	0
01:59	6	1	0	2	0	0	0
02:00	5	1	1	2	0	0	0
02:01	5	1	1	2	0	0	0
02:02	5	1	0	2	0	0	0
02:03	5	1	0	2	0	0	0
02:04	5	1	0	2	0	0	0
02:05	4	1	0	2	0	0	0
02:06	6	0	0	2	0	0	0
02:07	5	0	0	2	0	0	0
02:08	4	0	0	2	0	0	0
02:09	5	0	0	2	0	0	0
02:10	4	0	0	1	0	0	0
02:11	5	0	0	1	0	0	0
02:12	6	0	0	0	0	0	0
02:13	5	0	0	0	0	0	0
02:14	4	0	0	0	0	0	0
02:15	4	0	0	0	0	0	0
02:16	4	0	0	0	0	0	0
02:17	4	0	0	0	0	0	0
02:18	4	0	0	0	0	0	0
02:19	3	0	0	0	0	0	0
02:20	3	0	0	0	0	0	0
02:21	1	1	0	0	0	0	0
02:22	3	1	0	0	0	0	0
02:23	5	0	0	0	0	0	0
02:24	5	0	0	0	0	0	0
02:25	5	0	0	0	0	0	0
02:26	5	0	0	0	0	0	0
02:27	5	0	0	0	0	0	0
02:28	3	0	0	0	0	0	0
02:29	4	0	0	0	0	0	0
02:30	4	0	0	0	0	0	0
02:31	5	0	0	0	0	0	0
02:32	4	0	0	0	0	0	0
02:33	4	0	0	0	0	0	0
02:34	3	1	0	0	0	0	0
02:35	4	1	0	0	0	0	0
02:36	4	0	0	0	0	0	0
02:37	4	0	0	0	0	0	0
02:38	5	1	0	0	0	0	0
02:39	4	2	0	0	0	0	0
02:40	2	2	1	0	0	0	0
02:41	3	2	1	0	0	0	0
02:42	3	2	1	0	0	0	0
02:43	3	2	1	0	0	0	0
02:44	3	1	2	0	0	0	0
02:45	3	0	2	0	0	0	0
02:46	3	0	2	0	0	0	0
02:47	2	0	2	0	0	0	0
02:48	4	0	2	0	0	0	0
02:49	3	0	2	0	0	0	0
02:50	4	0	2	0	0	0	0
02:51	3	1	2	0	0	0	0
02:52	2	0	0	2	0	0	0
02:53	2	1	0	3	0	0	0
02:54	2	0	0	3	0	0	0
02:55	2	0	0	3	0	0	0
02:56	1	1	0	3	0	0	0
02:57	2	1	0	3	0	0	0
02:58	1	1	0	3	0	0	0
02:59	1	1	0	3	0	0	0
03:00	1	0	2	2	0	0	0
03:01	1	0	2	2	0	0	0
03:02	2	0	2	1	0	0	0
03:03	2	0	2	2	0	0	0
03:04	2	0	1	2	0	0	0
03:05	1	0	1	2	0	0	0
03:06	1	1	1	2	0	0	0
03:07	1	1	0	2	0	0	0
03:08	1	1	0	2	0	0	0
03:09	1	2	0	2	0	0	0
03:10	1	2	1	2	0	0	0
03:11	1	2	1	2	0	0	0
03:12	2	1	1	1	0	0	0
03:13	3	0	1	1	0	0	0
03:14	3	0	0	2	0	0	0
03:15	3	0	0	1	0	0	0
03:16	3	0	0	2	0	0	0
03:17	3	0	0	1	0	0	0
03:18	3	0	0	0	0	0	0
03:19	3	0	0	1	0	0	0
03:20	3	0	0	2	0	0	0
03:21	3	0	0	2	0	0	0
03:22	2	0	0	2	0	0	0
03:23	1	0	0	2	0	0	0
03:24	1	0	0	2	0	0	0
03:25	1	0	0	2	0	0	0
03:26	1	0	0	2	0	0	0
03:27	1	0	0	3	0	0	0
03:28	1	0	0	3	0	0	0
03:29	2	0	1	2	0	0	0
03:30	1	0	2	1	0	0	0
03:31	1	0	2	1	0	0	0
03:32	2	0	2	1	0	0	0
03:33	3	0	2	2	0	0	0
03:34	2	0	2	2	0	0	0
03:35	1	2	1	1	0	0	0
03:36	2	2	1	2	0	0	0
03:37	2	2	1	2	0	0	0
03:38	3	2	1	2	0	0	0
03:39	3	1	2	2	0	0	0
03:40	1	2	2	2	0	0	0
03:41	1	4	1	2	0	0	0
03:42	1	3	1	2	0	0	0
03:43	1	3	1	2	0	0	0
03:44	1	2	2	2	0	0	0
03:45	2	2	1	3	0	0	0
03:46	1	1	2	2	0	0	0
03:47	0	1	1	3	0	0	0
03:48	0	1	2	2	0	0	0
03:49	1	1	2	2	0	0	0
03:50	1	1	2	2	0	0	0
03:51	1	1	1	2	0	0	0
03:52	1	1	0	3	0	0	0
03:53	1	1	0	2	0	0	0
03:54	1	1	0	3	0	0	0
03:55	0	1	1	3	0	0	0
03:56	0	1	1	3	0	0	0
03:57	0	1	0	3	0	0	0
03:58	0	1	0	3	0	0	0
03:59	1	1	0	2	0	0	0
04:00	1	1	0	2	0	0	0
04:01	1	1	0	1	0	0	0
04:02	1	1	0	2	0	0	0
04:03	2	1	0	2	0	0	0
04:04	2	1	0	3	0	0	0
04:05	1	1	0	3	0	0	0
04:06	0	2	0	2	0	0	0
04:07	0	2	0	3	1	0	0
04:08	2	1	1	2	1	0	0
04:09	0	1	0	2	0	0	0
04:10	2	0	1	2	0	0	0
04:11	2	0	2	2	0	0	0
04:12	3	0	1	2	0	0	0
04:13	3	1	1	2	0	0	0
04:14	2	1	0	2	0	0	0
04:15	2	2	1	2	0	0	0
04:16	2	2	1	2	0	0	0
04:17	1	1	2	2	0	0	0
04:18	1	1	1	2	0	0	0
04:19	2	1	1	2	0	0	0
04:20	1	0	2	2	0	0	0
04:21	1	1	2	2	0	0	0
04:22	1	2	1	1	0	0	0
04:23	1	2	0	1	0	0	0
04:24	1	1	0	1	0	0	0
04:25	2	1	0	2	0	0	0
04:26	1	1	0	2	0	0	0
04:27	1	1	0	1	0	0	0
04:28	1	2	0	1	0	0	0
04:29	1	1	0	1	0	0	0
04:30	1	1	0	2	0	0	0
04:31	2	2	0	1	0	0	0
04:32	3	0	0	1	0	0	0
04:33	1	0	0	1	0	0	0
04:34	2	1	0	0	0	0	0
04:35	3	0	0	0	0	0	0
04:36	2	1	0	0	0	0	0
04:37	3	1	0	0	0	0	0
04:38	4	1	0	0	0	0	0
04:39	3	0	1	0	0	0	0
04:40	3	0	1	0	0	0	0
04:41	2	0	1	0	0	0	0
04:42	3	0	1	0	0	0	0
04:43	2	0	1	0	0	0	0
04:44	0	0	0	1	0	0	0
04:45	1	0	0	1	0	0	0
04:46	2	0	0	1	0	0	0
04:47	1	0	0	1	0	0	0
04:48	1	0	0	1	0	0	0
04:49	2	0	0	1	0	0	0
04:50	2	0	0	1	0	0	0
04:51	2	1	0	1	0	0	0
04:52	0	2	1	1	0	0	0
04:53	1	2	1	1	0	0	0
04:54	1	2	1	1	0	0	0
04:55	1	1	2	1	0	0	0
04:56	0	1	2	1	0	0	0
04:57	1	2	1	1	0	0	0
04:58	0	2	0	2	0	0	0
04:59	0	2	0	1	0	0	0
05:00	0	1	0	1	0	0	0
05:01	1	2	0	1	0	0	0
05:02	2	1	0	1	0	0	0
05:03	2	1	0	1	0	0	0
05:04	2	1	0	1	0	0	0
05:05	3	1	0	1	0	0	0
05:06	2	1	0	1	0	0	0
05:07	2	1	0	1	0	0	0
05:08	2	0	1	1	0	0	0
05:09	2	0	1	1	0	0	0
05:10	2	0	1	1	0	0	0
05:11	2	0	1	1	0	0	0
05:12	2	0	0	1	0	0	0
05:13	1	0	1	2	0	0	0
05:14	0	0	1	2	0	0	0
05:15	1	0	1	2	0	0	0
05:16	1	0	1	2	0	0	0
05:17	0	0	1	2	0	0	0
05:18	0	1	1	2	0	0	0
05:19	0	1	1	2	0	0	0
05:20	1	1	1	1	0	0	0
05:21	1	0	2	1	0	0	0
05:22	1	0	2	0	0	0	0
05:23	1	0	2	0	0	0	0
05:24	1	1	1	0	0	0	0
05:25	1	1	1	0	0	0	0
05:26	1	1	0	0	0	0	0
05:27	0	1	0	1	0	0	0
05:28	1	1	0	0	0	0	0
05:29	1	1	0	0	0	0	0
05:30	2	0	0	0	0	0	0
05:31	2	0	0	0	0	0	0
05:32	1	0	0	1	0	0	0
05:33	1	0	0	0	0	0	0
05:34	1	0	0	0	0	0	0
05:35	1	0	0	0	0	0	0
05:36	1	0	0	0	0	0	0
05:37	2	0	0	1	0	0	0
05:38	2	0	0	0	0	0	0
05:39	2	0	0	0	0	0	0
05:40	1	0	0	1	0	0	0
05:41	2	0	0	1	0	0	0
05:42	2	0	0	0	0	0	0
05:43	2	0	0	1	0	0	0
05:44	1	0	0	1	0	0	0
05:45	1	0	1	1	0	0	0
05:46	1	0	1	1	0	0	0
05:47	2	0	0	1	0	0	0
05:48	2	0	0	1	0	0	0
05:49	1	0	0	1	0	0	0
05:50	1	0	0	1	0	0	0
05:51	2	0	0	1	1	0	0
05:52	1	1	0	1	0	0	0
05:53	1	1	0	1	1	0	0
05:54	2	2	0	1	1	0	0
05:55	2	1	0	1	1	0	0
05:56	2	1	0	1	1	0	0
05:57	2	0	0	1	1	0	0
05:58	2	1	0	1	1	0	0
05:59	3	1	0	1	1	0	0
06:00	3	1	0	1	1	0	0
06:01	3	1	0	1	1	0	0
06:02	2	1	1	0	1	0	0
06:03	2	0	1	0	1	0	0
06:04	3	1	1	0	1	0	0
06:05	2	2	1	0	1	0	0
06:06	3	2	1	0	1	0	0
06:07	3	3	0	0	1	0	0
06:08	3	3	0	0	1	0	0
06:09	3	2	1	0	1	0	0
06:10	3	3	1	0	2	0	0
06:11	3	5	1	0	2	0	0
06:12	3	6	1	0	2	0	0
06:13	2	6	2	1	2	0	0
06:14	2	6	1	1	2	0	0
06:15	2	6	1	1	2	0	0
06:16	3	3	3	2	2	0	0
06:17	3	2	4	2	2	0	0
06:18	2	1	5	3	1	0	0
06:19	3	1	4	4	1	0	0
06:20	2	2	3	5	1	0	0
06:21	4	2	4	4	1	0	0
06:22	5	2	3	4	1	0	0
06:23	5	2	4	5	1	0	0
06:24	4	4	2	6	1	0	0
06:25	3	4	2	4	1	0	0
06:26	3	4	2	5	1	0	0
06:27	4	5	1	6	1	0	0
06:28	3	3	3	6	1	0	0
06:29	4	2	4	4	1	0	0
06:30	6	2	4	3	1	0	0
06:31	6	2	4	4	1	0	0
06:32	8	1	4	5	1	0	0
06:33	7	1	5	6	1	0	0
06:34	6	2	2	6	1	0	0
06:35	5	2	3	6	1	0	0
06:36	4	4	3	6	1	0	0
06:37	3	5	2	7	1	0	0
06:38	3	4	3	7	1	0	0
06:39	3	4	3	7	1	0	0
06:40	3	3	5	8	1	0	0
06:41	5	4	4	5	2	0	0
06:42	3	4	5	4	2	0	0
06:43	6	3	5	6	1	0	0
06:44	4	5	5	4	2	0	0
06:45	4	8	2	7	2	0	0
06:46	5	7	2	7	2	0	0
06:47	5	8	1	6	2	0	0
06:48	5	7	1	7	2	0	0
06:49	6	7	3	7	2	0	0
06:50	6	7	3	7	2	0	0
06:51	5	10	3	6	1	0	0
06:52	4	11	4	7	2	0	0
06:53	5	10	4	7	2	0	0
06:54	6	8	2	9	3	0	0
06:55	5	7	4	9	4	0	0
06:56	10	6	3	10	4	0	0
06:57	7	7	3	9	4	0	0
06:58	6	6	2	10	4	0	0
06:59	9	5	2	11	3	0	0
07:00	8	5	1	10	3	0	0
07:01	11	7	2	10	3	0	0
07:02	12	7	2	9	3	0	0
07:03	12	6	4	8	3	0	0
07:04	10	6	3	8	3	0	0
07:05	10	6	2	9	3	0	0
07:06	12	10	2	8	2	0	0
07:07	11	10	4	7	2	0	0
07:08	13	9	4	7	2	0	0
07:09	9	9	5	8	1	0	0
07:10	10	7	8	6	1	0	0
07:11	7	6	10	5	1	0	0
07:12	8	9	10	7	1	0	0
07:13	5	11	11	8	1	0	0
07:14	6	8	13	9	1	0	0
07:15	9	7	14	10	1	0	0
07:16	11	7	13	11	1	0	0
07:17	9	5	14	10	3	0	0
07:18	8	7	12	11	5	0	0
07:19	10	6	8	14	5	0	0
07:20	12	6	8	16	6	0	0
07:21	8	5	7	15	6	0	0
07:22	10	6	4	16	6	0	0
07:23	11	5	5	14	4	0	0
07:24	9	5	5	13	3	0	0
07:25	11	5	6	13	4	0	0
07:26	10	5	6	14	2	0	0
07:27	15	6	4	14	3	0	0
07:28	11	6	4	13	4	0	0
07:29	11	3	7	9	5	0	0
07:30	10	4	7	8	2	0	0
07:31	9	4	8	8	3	0	0
07:32	13	3	8	11	2	0	0
07:33	12	4	5	12	2	0	0
07:34	11	4	6	11	3	0	0
07:35	11	4	4	12	2	0	0
07:36	7	4	4	9	1	0	0
07:37	8	3	6	10	2	0	0
07:38	10	4	5	8	2	0	0
07:39	12	4	5	6	5	0	0
07:40	15	3	3	6	4	0	0
07:41	13	5	2	8	5	0	0
07:42	14	6	2	7	5	0	0
07:43	12	6	2	7	4	0	0
07:44	13	4	3	9	4	0	0
07:45	12	4	3	9	4	0	0
07:46	11	7	3	6	5	0	0
07:47	12	7	5	5	5	0	0
07:48	12	7	8	3	5	0	0
07:49	12	5	8	7	5	0	0
07:50	13	4	9	5	5	0	0
07:51	14	3	10	5	5	0	0
07:52	9	5	11	5	5	0	0
07:53	10	6	8	6	3	0	0
07:54	10	5	8	7	5	0	0
07:55	10	4	8	7	6	0	0
07:56	13	5	6	8	5	0	0
07:57	11	8	6	9	6	0	0
07:58	13	8	6	10	3	0	0
07:59	11	7	4	10	1	0	0
08:00	11	6	7	9	2	0	0
08:01	12	4	6	8	2	0	0
08:02	15	2	5	8	2	0	0
08:03	16	1	6	8	2	0	0
08:04	14	3	7	8	2	0	0
08:05	15	4	5	8	4	0	0
08:06	12	6	5	7	5	0	0
08:07	10	9	3	7	4	0	0
08:08	12	9	2	8	4	0	0
08:09	12	10	2	7	4	0	0
08:10	9	10	3	7	4	0	0
08:11	7	9	4	7	4	0	0
08:12	10	4	6	6	3	0	0
08:13	10	5	6	6	4	0	0
08:14	14	4	7	6	4	0	0
08:15	15	5	7	6	3	0	0
08:16	14	3	9	6	2	0	0
08:17	16	3	8	7	3	0	0
08:18	15	2	7	9	2	0	0
08:19	14	3	7	13	1	0	0
08:20	10	6	6	12	0	0	0
08:21	13	6	6	11	1	0	0
08:22	13	6	5	12	1	0	0
08:23	14	5	7	8	2	0	0
08:24	15	3	8	12	2	0	0
08:25	13	4	7	8	1	0	0
08:26	15	5	7	7	4	0	0
08:27	16	6	5	8	4	0	0
08:28	16	8	2	8	4	0	0
08:29	13	9	4	7	3	0	0
08:30	15	8	5	7	3	0	0
08:31	19	9	5	8	3	0	0
08:32	20	8	7	6	1	0	0
08:33	23	10	5	9	2	0	0
08:34	25	11	6	8	1	0	0
08:35	23	9	7	7	2	0	0
08:36	22	10	8	3	2	0	0
08:37	22	8	9	4	0	0	0
08:38	21	11	7	6	0	0	0
08:39	21	9	10	6	0	0	0
08:40	26	9	11	8	1	0	0
08:41	25	4	12	10	0	0	0
08:42	27	6	10	10	0	0	0
08:43	27	6	6	11	0	0	0
08:44	31	3	7	11	0	0	0
08:45	30	4	6	11	1	0	0
08:46	27	4	7	10	1	0	0
08:47	25	6	8	10	1	0	0
08:48	26	7	7	11	2	0	0
08:49	25	4	8	12	2	0	0
08:50	25	6	7	14	2	0	0
08:51	26	6	7	10	3	0	0
08:52	26	5	6	11	2	0	0
08:53	30	4	5	8	3	0	0
08:54	28	4	5	11	2	0	0
08:55	27	4	5	11	3	0	0
08:56	28	3	7	12	3	0	0
08:57	30	2	9	12	4	0	0
08:58	31	7	8	10	5	0	0
08:59	29	6	9	11	4	0	0
09:00	25	5	10	11	4	0	0
09:01	25	5	10	8	6	0	0
09:02	25	4	11	8	4	0	0
09:03	29	7	9	8	3	0	0
09:04	36	7	7	6	3	0	0
09:05	35	8	5	9	2	0	0
09:06	43	9	6	9	2	0	0
09:07	38	11	6	9	2	0	0
09:08	35	13	9	9	2	0	0
09:09	36	11	9	8	0	0	0
09:10	41	12	8	10	0	0	0
09:11	41	12	8	9	0	0	0
09:12	41	8	11	12	0	0	0
09:13	33	11	9	13	0	0	0
09:14	37	12	11	12	0	0	0
09:15	39	10	11	13	0	0	0
09:16	37	13	10	14	0	0	0
09:17	35	14	9	12	0	0	0
09:18	36	14	6	14	1	0	0
09:19	37	12	11	10	0	0	0
09:20	30	11	12	11	1	0	0
09:21	36	10	12	11	1	0	0
09:22	34	7	10	13	2	0	0
09:23	37	6	8	14	3	0	0
09:24	39	11	8	12	3	0	0
09:25	41	12	4	16	3	0	0
09:26	42	11	6	16	3	0	0
09:27	39	13	4	15	3	0	0
09:28	43	11	5	14	3	0	0
09:29	44	11	6	11	4	0	0
09:30	39	10	6	12	4	0	0
09:31	41	9	9	12	3	0	0
09:32	39	6	9	15	4	0	0
09:33	36	5	11	13	4	0	0
09:34	35	5	11	12	4	0	0
09:35	37	5	10	12	6	0	0
09:36	41	1	12	11	6	0	0
09:37	42	2	11	11	6	0	0
09:38	40	4	11	12	5	0	0
09:39	41	3	8	12	5	0	0
09:40	42	1	9	15	4	0	0
09:41	42	4	8	12	7	0	0
09:42	40	4	6	11	9	0	0
09:43	42	4	6	12	8	0	0
09:44	41	4	7	14	7	0	0
09:45	38	5	4	17	7	0	0
09:46	39	10	5	16	5	0	0
09:47	41	11	4	14	5	0	0
09:48	40	10	4	16	4	0	0
09:49	41	11	5	16	7	0	0
09:50	42	11	7	11	5	0	0
09:51	42	10	8	12	3	0	0
09:52	34	9	11	12	2	0	0
09:53	37	11	12	12	4	0	0
09:54	43	11	12	11	5	0	0
09:55	44	11	13	9	3	0	0
09:56	44	9	15	4	3	0	0
09:57	48	10	12	7	4	0	0
09:58	50	9	12	4	2	0	0
09:59	51	10	10	3	4	0	0
10:00	47	11	11	5	2	0	0
10:01	47	12	9	5	3	0	0
10:02	43	15	5	8	3	0	0
10:03	47	11	7	10	3	0	0
10:04	50	9	8	11	1	0	0
10:05	48	11	8	8	1	0	0
10:06	40	11	8	9	1	0	0
10:07	48	9	10	11	0	0	0
10:08	50	10	11	9	1	0	0
10:09	47	9	10	8	1	0	0
10:10	49	10	12	7	0	0	0
10:11	47	10	10	6	1	0	0
10:12	50	9	11	7	1	0	0
10:13	54	13	8	9	1	0	0
10:14	42	11	10	8	1	0	0
10:15	51	13	7	10	1	0	0
10:16	49	12	9	10	0	0	0
10:17	50	9	11	12	0	0	0
10:18	43	8	11	9	0	0	0
10:19	38	9	10	12	1	0	0
10:20	43	11	7	14	1	0	0
10:21	46	14	10	13	2	0	0
10:22	49	12	12	12	4	0	0
10:23	54	10	13	13	4	0	0
10:24	56	10	10	14	5	0	0
10:25	52	10	12	15	3	0	0
10:26	45	9	11	13	4	0	0
10:27	48	11	8	16	4	0	0
10:28	50	7	9	17	3	0	0
10:29	53	3	9	16	1	0	0
10:30	58	3	11	14	4	0	0
10:31	55	3	12	13	4	0	0
10:32	54	1	12	13	4	0	0
10:33	51	4	10	12	6	0	0
10:34	49	4	7	11	5	0	0
10:35	46	4	8	9	4	0	0
10:36	44	4	8	11	4	0	0
10:37	45	6	3	11	5	0	0
10:38	49	7	3	16	5	0	0
10:39	50	6	2	15	4	0	0
10:40	52	6	3	16	5	0	0
10:41	52	7	3	15	4	0	0
10:42	50	5	5	18	4	0	0
10:43	49	7	6	19	3	0	0
10:44	52	5	4	23	4	0	0
10:45	52	4	4	21	3	0	0
10:46	50	4	4	18	4	0	0
10:47	51	4	8	18	2	0	0
10:48	51	6	9	17	3	0	0
10:49	61	6	9	17	3	0	0
10:50	57	5	12	15	1	0	0
10:51	63	5	8	17	2	0	0
10:52	58	8	5	18	3	0	0
10:53	59	10	3	21	2	0	0
10:54	59	12	4	19	3	0	0
10:55	66	12	6	18	2	0	0
10:56	62	9	6	17	2	0	0
10:57	64	12	8	15	2	0	0
10:58	60	13	9	12	1	0	0
10:59	64	10	11	13	1	0	0
11:00	64	9	10	11	0	0	0
11:01	60	10	9	13	0	0	0
11:02	56	8	10	14	0	0	0
11:03	63	11	10	20	0	0	0
11:04	63	12	7	16	0	0	0
11:05	61	10	6	17	0	0	0
11:06	70	7	8	16	0	0	0
11:07	63	6	7	24	0	0	0
11:08	63	6	7	20	0	0	0
11:09	66	5	12	20	1	0	0
11:10	62	6	11	18	1	0	0
11:11	68	6	10	18	0	0	0
11:12	64	7	9	21	0	0	0
11:13	59	7	10	22	1	0	0
11:14	51	7	11	21	0	0	0
11:15	57	9	9	18	1	0	0
11:16	53	12	6	20	1	0	0
11:17	52	13	10	14	3	0	0
11:18	53	13	14	14	1	0	0
11:19	48	11	13	14	4	0	0
11:20	60	7	14	14	3	0	0
11:21	55	9	14	11	3	0	0
11:22	54	11	13	13	2	0	0
11:23	51	12	12	10	1	0	0
11:24	52	13	10	11	1	0	0
11:25	56	12	13	12	0	0	0
11:26	51	15	11	14	2	0	0
11:27	54	14	17	10	2	0	0
11:28	54	12	19	9	3	0	0
11:29	66	11	17	10	2	0	0
11:30	59	11	22	7	2	0	0
11:31	69	12	17	7	3	0	0
11:32	65	13	15	9	1	0	0
11:33	68	14	15	9	2	0	0
11:34	60	14	16	12	2	0	0
11:35	60	15	12	11	2	0	0
11:36	59	16	12	13	2	0	0
11:37	61	14	7	13	2	0	0
11:38	57	10	8	14	2	0	0
11:39	68	12	8	17	2	0	0
11:40	67	10	9	17	4	0	0
11:41	71	10	11	18	4	0	0
11:42	70	9	12	16	3	0	0
11:43	67	8	11	17	4	0	0
11:44	74	8	10	15	5	0	0
11:45	73	8	10	16	5	0	0
11:46	70	10	12	14	4	0	0
11:47	66	8	15	15	4	0	0
11:48	67	8	15	11	3	0	0
11:49	70	9	12	9	4	0	0
11:50	63	10	13	7	4	0	0
11:51	60	10	12	11	3	0	0
11:52	59	9	9	13	3	0	0
11:53	59	12	8	10	2	0	0
11:54	57	17	10	9	2	0	0
11:55	55	14	8	10	3	0	0
11:56	61	15	8	10	3	0	0
11:57	61	13	10	7	3	0	0
11:58	59	11	10	11	2	0	0
11:59	59	10	10	9	1	0	0
12:00	53	11	12	8	1	0	0
12:01	60	12	9	8	2	0	0
12:02	61	7	10	8	2	0	0
12:03	60	6	9	9	2	0	0
12:04	68	4	10	10	4	0	0
12:05	65	4	7	12	2	0	0
12:06	68	5	6	12	1	0	0
12:07	70	4	6	9	3	0	0
12:08	67	4	6	11	2	0	0
12:09	64	4	4	10	4	0	0
12:10	69	7	3	9	4	0	0
12:11	64	6	5	7	4	0	0
12:12	69	7	8	3	5	0	0
12:13	64	7	9	7	3	0	0
12:14	62	6	8	6	3	0	0
12:15	61	8	8	8	3	0	0
12:16	52	7	13	4	2	0	0
12:17	55	6	14	4	3	0	0
12:18	56	5	15	4	3	0	0
12:19	53	8	16	6	2	0	0
12:20	49	7	17	4	1	0	0
12:21	49	7	16	5	0	0	0
12:22	49	10	11	9	1	0	0
12:23	45	12	9	10	0	0	0
12:24	52	10	8	10	0	0	0
12:25	54	10	6	12	1	0	0
12:26	52	9	8	14	0	0	0
12:27	54	9	9	11	1	0	0
12:28	58	9	7	10	1	0	0
12:29	57	8	8	11	1	0	0
12:30	58	8	8	12	1	0	0
12:31	59	9	10	9	1	0	0
12:32	53	10	7	10	2	0	0
12:33	60	7	11	7	4	0	0
12:34	63	6	9	8	2	0	0
12:35	53	7	11	8	3	0	0
12:36	52	7	11	6	3	0	0
12:37	51	9	11	5	2	0	0
12:38	55	8	9	4	3	0	0
12:39	48	6	11	8	3	0	0
12:40	49	6	9	8	4	0	0
12:41	47	8	9	11	2	0	0
12:42	51	9	7	9	3	0	0
12:43	50	9	6	14	3	0	0
12:44	57	8	6	11	3	0	0
12:45	56	9	6	9	2	0	0
12:46	61	8	6	13	3	0	0
12:47	69	7	7	12	3	0	0
12:48	62	7	5	12	3	0	0
12:49	51	10	9	11	2	0	0
12:50	50	11	8	12	2	0	0
12:51	50	8	9	11	1	0	0
12:52	54	7	9	9	1	0	0
12:53	49	6	8	11	1	0	0
12:54	51	6	8	11	2	0	0
12:55	58	5	10	9	2	0	0
12:56	56	8	9	10	2	0	0
12:57	59	10	7	9	2	0	0
12:58	56	10	12	7	2	0	0
12:59	47	14	9	9	2	0	0
13:00	50	14	9	9	1	0	0
13:01	48	12	8	8	1	0	0
13:02	43	12	9	9	1	0	0
13:03	47	9	10	8	1	0	0
13:04	50	8	9	8	1	0	0
13:05	53	12	11	10	1	0	0
13:06	52	12	9	15	1	0	0
13:07	54	11	11	13	1	0	0
13:08	63	10	13	14	1	0	0
13:09	66	10	10	14	1	0	0
13:10	62	8	12	15	1	0	0
13:11	70	7	9	15	1	0	0
13:12	66	9	11	15	1	0	0
13:13	64	10	8	16	1	0	0
13:14	56	11	7	17	1	0	0
13:15	59	11	11	16	2	0	0
13:16	54	10	12	14	2	0	0
13:17	55	10	12	18	2	0	0
13:18	46	8	12	17	4	0	0
13:19	52	9	13	18	3	0	0
13:20	56	10	13	16	3	0	0
13:21	57	10	9	22	3	0	0
13:22	62	12	11	21	2	0	0
13:23	64	11	14	22	3	0	0
13:24	59	10	14	21	4	0	0
13:25	52	7	12	22	3	0	0
13:26	61	8	11	22	3	0	0
13:27	50	11	12	25	3	0	0
13:28	50	8	10	25	3	0	0
13:29	53	8	12	27	2	0	0
13:30	54	7	12	22	3	0	0
13:31	53	5	15	19	3	0	0
13:32	56	6	14	17	3	0	0
13:33	59	6	10	16	4	0	0
13:34	63	6	8	20	4	0	0
13:35	70	6	9	17	3	0	0
13:36	58	7	8	17	3	0	0
13:37	58	8	6	21	3	0	0
13:38	58	8	9	21	3	0	0
13:39	63	8	6	19	2	0	0
13:40	50	7	9	19	2	0	0
13:41	61	6	12	15	1	0	0
13:42	60	6	12	13	1	0	0
13:43	63	8	10	11	2	0	0
13:44	60	8	7	11	1	0	0
13:45	47	11	10	10	2	0	0
13:46	56	12	11	8	2	0	0
13:47	60	10	12	7	2	0	0
13:48	62	9	9	8	1	0	0
13:49	69	8	11	7	2	0	0
13:50	75	5	10	7	3	0	0
13:51	78	7	8	6	3	0	0
13:52	81	9	8	5	3	0	0
13:53	72	8	9	5	5	0	0
13:54	69	12	6	5	5	0	0
13:55	83	11	7	5	4	0	0
13:56	79	11	5	4	4	0	0
13:57	78	10	5	4	3	0	0
13:58	76	11	5	6	4	0	0
13:59	73	9	5	5	5	0	0
14:00	73	10	5	6	4	0	0
14:01	70	13	6	6	3	0	0
14:02	80	11	5	9	4	0	0
14:03	77	10	8	9	4	0	0
14:04	71	9	9	10	4	0	0
14:05	80	7	10	7	3	0	0
14:06	74	9	12	6	4	0	0
14:07	69	7	12	6	5	0	0
14:08	66	8	14	6	5	0	0
14:09	72	10	13	5	5	0	0
14:10	70	8	11	3	7	0	0
14:11	62	8	15	6	7	0	0
14:12	71	9	17	4	7	0	0
14:13	73	11	15	8	7	0	0
14:14	75	11	13	10	6	0	0
14:15	71	12	9	10	7	0	0
14:16	73	13	9	9	7	0	0
14:17	71	13	13	10	6	0	0
14:18	81	10	12	10	6	0	0
14:19	77	8	9	11	6	0	0
14:20	78	9	11	12	6	0	0
14:21	84	13	8	10	5	0	0
14:22	83	11	9	12	6	0	0
14:23	79	9	5	12	6	0	0
14:24	66	10	6	10	6	0	0
14:25	70	12	7	10	6	0	0
14:26	71	10	7	12	5	0	0
14:27	70	12	7	12	6	0	0
14:28	65	12	7	12	6	0	0
14:29	75	10	7	12	6	0	0
14:30	72	8	6	13	5	0	0
14:31	77	8	8	11	5	0	0
14:32	72	7	10	7	3	0	0
14:33	67	8	8	7	2	0	0
14:34	69	9	7	7	3	0	0
14:35	65	10	7	6	3	0	0
14:36	62	10	7	7	3	0	0
14:37	65	11	7	6	3	0	0
14:38	62	9	5	7	3	0	0
14:39	66	10	4	8	1	0	0
14:40	71	10	3	6	1	0	0
14:41	65	8	4	7	1	0	0
14:42	69	9	4	4	1	0	0
14:43	67	11	5	6	1	0	0
14:44	71	12	7	4	0	0	0
14:45	82	12	5	5	0	0	0
14:46	83	13	3	4	0	0	0
14:47	78	12	3	6	0	0	0
14:48	70	11	6	3	1	0	0
14:49	71	10	7	4	1	0	0
14:50	80	10	8	4	2	0	0
14:51	82	11	7	3	1	0	0
14:52	75	9	8	4	0	0	0
14:53	75	10	7	6	1	0	0
14:54	80	11	9	5	2	0	0
14:55	71	10	10	4	3	0	0
14:56	67	11	8	6	2	0	0
14:57	69	10	8	6	3	0	0
14:58	73	13	8	6	3	0	0
14:59	76	13	6	8	3	0	0
15:00	69	13	8	9	3	0	0
15:01	68	10	9	7	3	0	0
15:02	68	14	9	5	3	0	0
15:03	75	14	11	6	3	0	0
15:04	71	14	10	5	4	0	0
15:05	61	14	8	4	5	0	0
15:06	68	12	8	5	6	0	0
15:07	74	11	8	6	4	0	0
15:08	74	11	7	6	4	0	0
15:09	72	13	8	5	4	0	0
15:10	64	15	6	5	6	0	0
15:11	66	17	7	7	6	0	0
15:12	69	14	5	10	5	0	0
15:13	75	14	4	10	6	0	0
15:14	68	12	9	10	5	0	0
15:15	62	12	11	10	4	0	0
15:16	67	11	8	9	5	0	0
15:17	69	9	11	8	5	0	0
15:18	72	13	11	12	4	0	0
15:19	67	14	8	11	4	0	0
15:20	64	13	9	11	5	0	0
15:21	64	15	6	11	5	0	0
15:22	61	13	13	10	5	0	0
15:23	65	12	14	11	5	0	0
15:24	70	15	12	11	5	0	0
15:25	58	13	14	10	5	0	0
15:26	67	13	12	12	4	0	0
15:27	72	12	8	14	6	0	0
15:28	70	15	9	13	6	0	0
15:29	71	15	9	13	4	0	0
15:30	73	11	8	15	5	0	0
15:31	71	11	8	15	4	0	0
15:32	73	8	8	16	5	0	0
15:33	79	9	7	17	3	0	0
15:34	83	8	10	17	4	0	0
15:35	82	9	6	16	5	0	0
15:36	76	10	6	18	2	0	0
15:37	77	7	7	19	2	0	0
15:38	82	10	3	17	2	0	0
15:39	80	9	5	18	2	0	0
15:40	79	11	6	14	3	0	0
15:41	72	11	9	14	2	0	0
15:42	69	13	8	11	3	0	0
15:43	57	15	9	10	1	0	0
15:44	61	15	9	9	4	0	0
15:45	66	11	10	7	4	0	0
15:46	70	7	13	8	3	0	0
15:47	66	7	14	7	2	0	0
15:48	66	7	13	7	3	0	0
15:49	66	6	12	7	4	0	0
15:50	65	10	9	9	4	0	0
15:51	61	9	8	9	2	0	0
15:52	61	8	10	9	1	0	0
15:53	57	11	8	10	3	0	0
15:54	59	11	8	10	4	0	0
15:55	58	8	9	8	5	0	0
15:56	58	8	11	11	2	0	0
15:57	59	8	10	12	3	0	0
15:58	57	9	10	12	3	0	0
15:59	53	9	8	13	2	0	0
16:00	55	6	11	11	2	0	0
16:01	55	9	9	10	1	0	0
16:02	52	8	7	12	1	0	0
16:03	58	9	9	12	1	0	0
16:04	52	9	11	12	2	0	0
16:05	56	16	10	14	1	0	0
16:06	51	18	7	16	1	0	0
16:07	52	16	7	14	1	0	0
16:08	62	13	6	14	1	0	0
16:09	57	15	7	14	1	0	0
16:10	56	12	6	16	1	0	0
16:11	64	13	7	12	1	0	0
16:12	68	13	5	13	2	0	0
16:13	64	13	6	11	1	0	0
16:14	66	10	7	7	3	0	0
16:15	64	6	8	9	2	0	0
16:16	58	9	6	9	1	0	0
16:17	60	7	6	7	3	0	0
16:18	60	5	8	7	1	0	0
16:19	64	6	8	6	1	0	0
16:20	64	6	9	8	2	0	0
16:21	67	5	8	10	2	0	0
16:22	63	7	6	10	2	0	0
16:23	57	8	6	8	2	0	0
16:24	53	10	5	12	1	0	0
16:25	61	8	5	12	0	0	0
16:26	60	8	7	10	1	0	0
16:27	62	8	5	9	1	0	0
16:28	62	10	6	8	1	0	0
16:29	64	8	6	8	2	0	0
16:30	61	9	6	10	3	0	0
16:31	54	9	8	12	2	0	0
16:32	58	8	7	11	2	0	0
16:33	56	5	9	10	0	0	0
16:34	54	6	7	9	1	0	0
16:35	55	5	9	11	2	0	0
16:36	59	4	9	11	2	0	0
16:37	58	4	10	9	1	0	0
16:38	56	5	10	6	3	0	0
16:39	57	4	8	8	3	0	0
16:40	54	6	7	8	2	0	0
16:41	51	5	6	11	2	0	0
16:42	57	5	6	8	3	0	0
16:43	60	3	9	9	3	0	0
16:44	64	6	5	6	3	0	0
16:45	66	5	8	5	3	0	0
16:46	61	4	12	4	3	0	0
16:47	61	4	11	4	3	0	0
16:48	63	5	10	6	3	0	0
16:49	61	5	10	5	2	0	0
16:50	61	5	13	5	2	0	0
16:51	65	6	11	5	2	0	0
16:52	64	9	8	5	1	0	0
16:53	60	11	7	4	2	0	0
16:54	54	11	7	7	3	0	0
16:55	55	10	4	8	3	0	0
16:56	58	9	5	6	0	0	0
16:57	56	9	6	6	2	0	0
16:58	60	9	7	9	1	0	0
16:59	62	7	7	8	1	0	0
17:00	59	7	9	10	1	0	0
17:01	64	6	8	13	1	0	0
17:02	62	4	7	13	0	0	0
17:03	61	6	7	12	0	0	0
17:04	55	3	9	13	0	0	0
17:05	57	5	7	11	1	0	0
17:06	59	6	6	14	1	0	0
17:07	56	7	5	13	1	0	0
17:08	57	7	6	11	2	0	0
17:09	50	3	7	10	2	0	0
17:10	58	6	7	11	2	0	0
17:11	58	5	8	10	2	0	0
17:12	48	6	8	11	2	0	0
17:13	44	5	5	11	2	0	0
17:14	42	8	8	11	1	0	0
17:15	46	6	9	12	2	0	0
17:16	51	7	6	13	1	0	0
17:17	50	9	7	11	2	0	0
17:18	49	5	6	12	2	0	0
17:19	55	6	8	11	2	0	0
17:20	53	4	8	9	2	0	0
17:21	52	4	5	12	0	0	0
17:22	55	5	3	12	0	0	0
17:23	56	5	1	10	1	0	0
17:24	49	5	2	12	0	0	0
17:25	52	5	4	12	0	0	0
17:26	48	5	5	12	0	0	0
17:27	52	5	6	8	1	0	0
17:28	49	4	6	9	1	0	0
17:29	50	7	4	9	0	0	0
17:30	46	6	4	9	0	0	0
17:31	45	5	3	8	0	0	0
17:32	50	6	2	9	0	0	0
17:33	45	7	3	7	0	0	0
17:34	45	7	3	8	0	0	0
17:35	45	8	3	5	0	0	0
17:36	51	8	3	7	0	0	0
17:37	50	9	4	4	0	0	0
17:38	48	7	4	5	2	0	0
17:39	45	7	6	3	1	0	0
17:40	39	10	5	4	1	0	0
17:41	38	7	5	3	1	0	0
17:42	41	9	4	4	1	0	0
17:43	40	10	3	4	1	0	0
17:44	41	10	3	3	0	0	0
17:45	34	10	2	2	0	0	0
17:46	34	10	5	0	1	0	0
17:47	38	6	6	1	2	0	0
17:48	45	6	6	0	3	0	0
17:49	37	7	5	3	1	0	0
17:50	36	6	4	4	1	0	0
17:51	38	7	5	4	1	0	0
17:52	41	6	5	5	1	0	0
17:53	44	6	5	5	1	0	0
17:54	46	7	3	6	1	0	0
17:55	46	8	6	4	2	0	0
17:56	45	7	6	3	2	0	0
17:57	45	6	7	2	2	0	0
17:58	44	4	8	3	2	0	0
17:59	45	7	7	3	3	0	0
18:00	44	7	8	1	3	0	0
18:01	43	10	6	3	1	0	0
18:02	37	13	5	5	2	0	0
18:03	42	11	8	5	3	0	0
18:04	45	8	10	5	3	0	0
18:05	41	7	9	4	3	0	0
18:06	41	7	9	4	4	0	0
18:07	35	9	9	5	2	0	0
18:08	34	9	9	6	3	0	0
18:09	33	9	9	5	3	0	0
18:10	37	6	8	8	3	0	0
18:11	31	3	7	7	2	0	0
18:12	37	2	8	7	3	0	0
18:13	36	2	8	10	2	0	0
18:14	34	3	5	9	2	0	0
18:15	35	3	6	10	2	0	0
18:16	40	4	5	10	2	0	0
18:17	37	5	6	10	2	0	0
18:18	37	3	7	9	2	0	0
18:19	36	5	7	9	3	0	0
18:20	36	4	7	5	3	0	0
18:21	40	7	6	7	3	0	0
18:22	37	6	6	7	3	0	0
18:23	34	6	4	7	3	0	0
18:24	35	8	5	7	3	0	0
18:25	37	8	4	7	2	0	0
18:26	37	9	4	6	1	0	0
18:27	38	9	5	7	2	0	0
18:28	34	10	5	6	2	0	0
18:29	37	6	7	6	0	0	0
18:30	33	6	8	3	1	0	0
18:31	34	6	6	5	0	0	0
18:32	36	5	5	6	1	0	0
18:33	34	3	7	5	1	0	0
18:34	40	5	7	5	0	0	0
18:35	33	6	6	4	1	0	0
18:36	28	8	6	6	1	0	0
18:37	30	8	7	6	1	0	0
18:38	30	7	7	8	1	0	0
18:39	28	6	9	7	1	0	0
18:40	26	5	9	6	0	0	0
18:41	27	4	9	6	0	0	0
18:42	30	3	9	8	0	0	0
18:43	33	1	8	7	0	0	0
18:44	29	3	7	6	0	0	0
18:45	26	4	5	10	0	0	0
18:46	29	5	3	9	0	0	0
18:47	31	4	3	9	1	0	0
18:48	28	5	3	7	0	0	0
18:49	26	4	4	6	1	0	0
18:50	26	3	4	9	1	0	0
18:51	27	4	5	7	2	0	0
18:52	28	2	5	7	3	0	0
18:53	28	2	5	7	3	0	0
18:54	19	3	4	7	2	0	0
18:55	24	3	3	6	2	0	0
18:56	21	6	2	8	2	0	0
18:57	22	4	3	9	2	0	0
18:58	23	3	3	9	2	0	0
18:59	25	3	2	12	1	0	0
19:00	21	3	4	8	2	0	0
19:01	22	2	5	8	1	0	0
19:02	23	2	5	9	2	0	0
19:03	24	2	5	12	2	0	0
19:04	22	3	6	9	2	0	0
19:05	16	5	4	11	2	0	0
19:06	21	6	4	12	1	0	0
19:07	23	5	6	11	2	0	0
19:08	26	4	5	10	1	0	0
19:09	21	6	4	8	1	0	0
19:10	21	6	5	9	1	0	0
19:11	21	7	7	9	1	0	0
19:12	26	8	5	6	1	0	0
19:13	28	10	4	6	1	0	0
19:14	24	8	4	7	1	0	0
19:15	22	8	6	5	2	0	0
19:16	21	9	5	6	2	0	0
19:17	23	10	6	8	2	0	0
19:18	23	10	6	9	2	0	0
19:19	22	11	6	8	3	0	0
19:20	20	9	8	5	4	0	0
19:21	21	9	6	11	2	0	0
19:22	18	10	6	9	3	0	0
19:23	22	7	9	10	2	0	0
19:24	18	10	10	9	1	0	0
19:25	17	6	11	12	1	0	0
19:26	25	7	6	12	2	0	0
19:27	25	5	8	15	2	0	0
19:28	24	3	9	14	2	0	0
19:29	21	5	10	20	2	0	0
19:30	20	5	7	14	2	0	0
19:31	14	2	8	17	1	0	0
19:32	18	3	8	17	2	0	0
19:33	11	4	10	20	1	0	0
19:34	15	6	6	22	2	0	0
19:35	18	7	4	24	2	0	0
19:36	15	7	5	22	2	0	0
19:37	14	8	6	21	3	0	0
19:38	15	7	5	24	2	0	0
19:39	19	6	7	20	4	0	0
19:40	16	5	12	16	3	0	0
19:41	12	5	12	17	3	0	0
19:42	16	4	11	17	4	0	0
19:43	16	4	10	17	1	0	0
19:44	20	6	7	20	1	0	0
19:45	21	6	5	19	0	0	0
19:46	19	8	7	15	2	0	0
19:47	17	9	7	13	0	0	0
19:48	18	8	9	12	2	0	0
19:49	16	8	9	11	2	0	0
19:50	19	8	7	12	2	0	0
19:51	17	8	8	10	2	0	0
19:52	19	10	7	14	2	0	0
19:53	25	7	7	10	2	0	0
19:54	19	9	6	12	1	0	0
19:55	20	10	6	11	1	0	0
19:56	22	9	4	10	2	0	0
19:57	21	8	4	10	1	0	0
19:58	23	5	5	11	0	0	0
19:59	22	3	5	9	1	0	0
20:00	21	3	6	9	1	0	0
20:01	17	5	5	8	0	0	0
20:02	19	5	6	8	0	0	0
20:03	21	4	6	5	0	0	0
20:04	16	5	4	9	0	0	0
20:05	17	5	3	10	0	0	0
20:06	13	8	3	11	2	0	0
20:07	14	7	4	8	1	0	0
20:08	9	6	4	7	0	0	0
20:09	15	5	4	6	1	0	0
20:10	15	4	6	5	0	0	0
20:11	15	3	7	6	0	0	0
20:12	12	3	6	6	0	0	0
20:13	11	2	6	5	0	0	0
20:14	14	3	7	7	0	0	0
20:15	15	3	7	8	0	0	0
20:16	16	2	7	8	0	0	0
20:17	17	2	8	8	0	0	0
20:18	14	2	6	6	0	0	0
20:19	9	4	6	5	0	0	0
20:20	9	5	7	6	1	0	0
20:21	12	4	7	6	1	0	0
20:22	12	6	5	4	1	0	0
20:23	13	4	6	3	1	0	0
20:24	16	6	4	5	1	0	0
20:25	14	7	4	2	1	0	0
20:26	20	8	4	7	1	0	0
20:27	17	8	3	8	1	0	0
20:28	16	6	2	8	1	0	0
20:29	19	4	1	9	1	0	0
20:30	22	2	2	11	1	0	0
20:31	18	1	3	11	1	0	0
20:32	15	1	3	9	1	0	0
20:33	16	1	5	9	1	0	0
20:34	17	1	5	10	1	0	0
20:35	19	1	5	9	1	0	0
20:36	19	2	8	7	1	0	0
20:37	18	1	8	6	2	0	0
20:38	13	3	7	8	2	0	0
20:39	11	4	8	6	2	0	0
20:40	9	5	7	5	0	0	0
20:41	8	7	7	4	1	0	0
20:42	8	7	7	6	1	0	0
20:43	9	7	6	7	2	0	0
20:44	9	8	3	7	1	0	0
20:45	10	6	4	9	1	0	0
20:46	10	9	4	7	0	0	0
20:47	12	7	4	7	0	0	0
20:48	14	5	4	9	0	0	0
20:49	19	6	3	9	0	0	0
20:50	17	5	4	4	1	0	0
20:51	19	3	5	5	0	0	0
20:52	18	2	5	6	0	0	0
20:53	17	3	5	5	0	0	0
20:54	18	4	5	4	1	0	0
20:55	19	5	4	5	1	0	0
20:56	18	5	4	4	0	0	0
20:57	14	5	3	4	0	0	0
20:58	14	6	4	8	1	0	0
20:59	18	2	4	9	0	0	0
21:00	18	4	3	7	0	0	0
21:01	17	3	4	8	0	0	0
21:02	13	6	3	9	0	0	0
21:03	11	7	7	5	0	0	0
21:04	13	5	8	4	0	0	0
21:05	18	3	8	4	0	0	0
21:06	17	2	13	5	0	0	0
21:07	17	5	10	4	0	0	0
21:08	14	4	9	3	0	0	0
21:09	16	4	9	3	0	0	0
21:10	19	3	9	3	1	0	0
21:11	16	7	7	4	1	0	0
21:12	18	5	7	3	1	0	0
21:13	15	7	5	2	1	0	0
21:14	17	7	3	3	1	0	0
21:15	15	7	3	4	1	0	0
21:16	17	8	2	5	0	0	0
21:17	16	6	4	3	0	0	0
21:18	19	4	3	4	1	0	0
21:19	19	5	3	7	0	0	0
21:20	18	5	2	6	0	0	0
21:21	21	5	5	4	0	0	0
21:22	20	6	4	3	1	0	0
21:23	17	4	7	2	1	0	0
21:24	15	4	6	2	0	0	0
21:25	14	5	5	3	0	0	0
21:26	13	6	4	5	0	0	0
21:27	16	5	4	4	0	0	0
21:28	16	5	3	6	0	0	0
21:29	17	5	2	8	0	0	0
21:30	12	5	4	7	0	0	0
21:31	10	2	4	7	0	0	0
21:32	11	3	5	8	1	0	0
21:33	10	2	6	7	1	0	0
21:34	12	2	3	8	0	0	0
21:35	10	3	2	8	0	0	0
21:36	10	3	2	7	1	0	0
21:37	13	3	3	9	0	0	0
21:38	13	3	3	8	1	0	0
21:39	14	3	3	7	1	0	0
21:40	17	1	1	9	1	0	0
21:41	15	2	2	7	0	0	0
21:42	10	1	4	6	0	0	0
21:43	11	3	3	5	0	0	0
21:44	11	3	3	6	0	0	0
21:45	7	4	5	4	0	0	0
21:46	7	5	2	3	0	0	0
21:47	9	4	2	5	0	0	0
21:48	10	3	4	4	0	0	0
21:49	10	3	4	4	0	0	0
21:50	11	3	4	2	0	0	0
21:51	12	2	6	1	0	0	0
21:52	12	3	3	3	0	0	0
21:53	11	3	3	2	0	0	0
21:54	12	4	3	1	0	0	0
21:55	10	3	3	1	0	0	0
21:56	11	2	2	2	0	0	0
21:57	12	3	1	2	0	0	0
21:58	12	3	2	2	0	0	0
21:59	12	3	3	2	0	0	0
22:00	12	2	3	2	0	0	0
22:01	12	2	2	3	0	0	0
22:02	11	2	1	2	0	0	0
22:03	12	2	1	1	0	0	0
22:04	14	1	2	2	0	0	0
22:05	14	0	2	2	0	0	0
22:06	12	1	3	2	0	0	0
22:07	11	2	3	2	0	0	0
22:08	11	3	1	2	0	0	0
22:09	9	4	1	1	0	0	0
22:10	8	2	1	1	0	0	0
22:11	7	2	1	3	1	0	0
22:12	10	2	2	3	2	0	0
22:13	8	1	3	3	2	0	0
22:14	9	0	3	3	2	0	0
22:15	10	0	3	3	1	0	0
22:16	9	0	4	2	1	0	0
22:17	8	0	3	4	1	0	0
22:18	7	0	2	4	1	0	0
22:19	8	0	1	3	2	0	0
22:20	7	1	2	3	1	0	0
22:21	9	2	2	1	2	0	0
22:22	8	2	1	1	2	0	0
22:23	8	1	2	2	1	0	0
22:24	5	2	1	1	2	0	0
22:25	5	2	2	2	1	0	0
22:26	6	2	0	2	1	0	0
22:27	6	3	2	2	1	0	0
22:28	6	4	0	2	1	0	0
22:29	6	4	0	2	1	0	0
22:30	7	3	0	3	0	0	0
22:31	7	3	0	3	1	0	0
22:32	7	1	2	1	0	0	0
22:33	7	1	3	1	1	0	0
22:34	8	1	3	1	1	0	0
22:35	8	1	3	2	0	0	0
22:36	10	2	3	2	0	0	0
22:37	9	3	2	1	0	0	0
22:38	9	3	1	0	0	0	0
22:39	9	3	2	0	0	0	0
22:40	8	3	2	0	0	0	0
22:41	6	3	1	1	0	0	0
22:42	7	2	1	1	0	0	0
22:43	9	1	2	2	0	0	0
22:44	8	1	2	2	0	0	0
22:45	10	1	1	2	0	0	0
22:46	12	0	2	1	0	0	0
22:47	11	1	1	1	0	0	0
22:48	10	1	0	2	0	0	0
22:49	11	0	0	2	0	0	0
22:50	12	0	0	0	0	0	0
22:51	9	1	0	0	0	0	0
22:52	8	2	0	0	0	0	0
22:53	8	2	0	0	1	0	0
22:54	9	2	0	0	0	0	0
22:55	10	2	0	0	0	0	0
22:56	8	2	0	0	0	0	0
22:57	9	1	0	0	1	0	0
22:58	8	0	1	0	1	0	0
22:59	9	1	1	0	0	0	0
23:00	7	1	0	2	0	0	0
23:01	7	1	1	2	0	0	0
23:02	7	1	2	1	0	0	0
23:03	6	0	2	1	0	0	0
23:04	7	0	2	0	0	0	0
23:05	7	0	2	0	0	0	0
23:06	8	1	1	0	0	0	0
23:07	7	1	1	0	0	0	0
23:08	9	2	0	0	0	0	0
23:09	9	2	0	0	0	0	0
23:10	9	2	0	0	0	0	0
23:11	8	2	0	1	0	0	0
23:12	9	2	0	0	0	0	0
23:13	9	1	1	1	0	0	0
23:14	9	1	1	0	0	0	0
23:15	10	0	1	0	0	0	0
23:16	10	0	1	0	0	0	0
23:17	9	0	0	2	0	0	0
23:18	11	0	0	2	0	0	0
23:19	12	0	0	2	0	0	0
23:20	11	0	0	2	0	0	0
23:21	11	0	0	3	0	0	0
23:22	10	0	0	2	0	0	0
23:23	11	1	0	2	0	0	0
23:24	10	2	0	2	0	0	0
23:25	10	1	0	2	0	0	0
23:26	9	2	0	1	0	0	0
23:27	10	1	1	1	0	0	0
23:28	8	0	2	1	0	0	0
23:29	10	0	2	1	0	0	0
23:30	8	1	2	1	0	0	0
23:31	5	1	2	1	0	0	0
23:32	6	1	2	1	0	0	0
23:33	6	1	0	3	0	0	0
23:34	6	1	0	3	0	0	0
23:35	6	0	1	3	0	0	0
23:36	7	0	2	2	0	0	0
23:37	7	0	2	2	0	0	0
23:38	9	0	1	2	0	0	0
23:39	9	0	1	2	0	0	0
23:40	9	0	1	1	1	0	0
23:41	9	1	0	1	1	0	0
23:42	7	2	0	2	1	0	0
23:43	7	3	0	1	1	0	0
23:44	6	3	0	1	1	0	0
23:45	6	2	1	1	1	0	0
23:46	4	2	1	0	1	0	0
23:47	5	0	2	0	1	0	0
23:48	5	0	1	1	1	0	0
23:49	7	0	0	1	0	0	0
23:50	7	0	0	0	1	0	0
23:51	8	0	0	0	1	0	0
23:52	6	1	0	2	1	0	0
23:53	6	1	0	0	0	0	0
23:54	5	2	0	0	0	0	0
23:55	5	3	0	0	0	0	0
23:56	4	3	0	1	0	0	0
23:57	3	3	0	0	0	0	0
23:58	2	3	0	0	0	0	0
23:59	4	3	0	0	0	0	0
